%YAML:1.0
plant_box:
  center:
   - -1.7246149758788432
   - -0.3743250569591162
   - 0.4167256323186126
  R_flat:
   - -0.8791576311674614
   - 0.47653106882974383
   - 0.0
   - -0.47653106882974383
   - -0.8791576311674614
   - 0.0
   - 0.0
   - 0.0
   - 1.0
  extent:
   - 3.559241987286154
   - 0.6817088932797165
   - 2.4563129850085685
view_box:
  center:
   - -1.3910432276980225
   - -0.9897353987763391
   - 0.4167256323186126
  R_flat:
   - -0.8791576311674614
   - 0.47653106882974383
   - 0.0
   - -0.47653106882974383
   - -0.8791576311674614
   - 0.0
   - 0.0
   - 0.0
   - 1.0
  extent:
   - 3.9151661860147695
   - 0.6
   - 2.7019442835094254
