%YAML:1.0
plant_box:
  center:
   - -1.4366586037587883
   - -1.1919799318514637
   - 0.4314625969392743
  R_flat:
   - 0.5693360560271439
   - -0.8221048931294941
   - 0.0
   - 0.8221048931294941
   - 0.5693360560271439
   - 0.0
   - 0.0
   - 0.0
   - 1.0
  extent:
   - 3.5920258888047987
   - 0.7915502747415666
   - 2.3302922952866836
view_box:
  center:
   - -0.8611851785681425
   - -1.5905151710704644
   - 0.4314625969392743
  R_flat:
   - 0.5693360560271439
   - -0.8221048931294941
   - 0.0
   - 0.8221048931294941
   - 0.5693360560271439
   - 0.0
   - 0.0
   - 0.0
   - 1.0
  extent:
   - 3.951228477685279
   - 0.6
   - 2.5633215248153522
